
Number of Iterations to Converge : 10

Cost from 1 to 20 : 4

Routing Table of Node 1
------------------------
Node	Cost	Next Hop
1	0	1
2	1	2
3	1	3
4	2	3
5	2	3
6	3	3
7	3	2
8	3	2
9	2	2
10	2	2
11	2	3
12	3	3
13	4	2
14	3	2
15	4	2
16	3	3
17	4	3
18	3	2
19	3	3
20	4	3
21	4	2
22	5	2
23	6	2
24	4	3
25	5	3
26	4	2
27	5	2
28	5	3
29	6	3
30	6	3
31	4	3
32	5	3

Routing Table of Node 20
------------------------
Node	Cost	Next Hop
1	4	19
2	4	19
3	3	19
4	4	19
5	4	19
6	4	15
7	4	15
8	3	19
9	3	15
10	3	19
11	2	19
12	2	15
13	3	15
14	2	15
15	1	15
16	3	15
17	4	15
18	2	19
19	1	19
20	0	20
21	3	19
22	3	19
23	4	19
24	2	19
25	3	19
26	1	26
27	2	26
28	3	26
29	4	19
30	4	26
31	2	26
32	3	26


Number of Iterations to Converge : 10

Cost from 2 to 20 : 4

Routing Table of Node 2
------------------------
Node	Cost	Next Hop
1	1	1
2	0	2
3	1	3
4	2	3
5	2	3
6	3	3
7	2	9
8	2	9
9	1	9
10	1	10
11	2	3
12	3	3
13	3	9
14	2	9
15	3	9
16	3	3
17	4	3
18	2	10
19	3	3
20	4	3
21	3	10
22	4	10
23	5	10
24	4	3
25	5	3
26	3	9
27	4	9
28	5	3
29	6	3
30	6	3
31	4	3
32	5	3

Routing Table of Node 20
------------------------
Node	Cost	Next Hop
1	4	19
2	4	15
3	3	19
4	4	19
5	4	19
6	4	15
7	4	15
8	3	19
9	3	15
10	3	19
11	2	19
12	2	15
13	3	15
14	2	15
15	1	15
16	3	15
17	4	15
18	2	19
19	1	19
20	0	20
21	3	19
22	3	19
23	4	19
24	2	19
25	3	19
26	1	26
27	2	26
28	3	26
29	4	19
30	4	26
31	2	26
32	3	26


Number of Iterations to Converge : 9

Cost from 3 to 20 : 3

Routing Table of Node 3
------------------------
Node	Cost	Next Hop
1	1	1
2	1	2
3	0	3
4	1	4
5	1	5
6	2	5
7	2	5
8	2	11
9	2	2
10	2	2
11	1	11
12	2	11
13	3	5
14	2	11
15	3	11
16	2	5
17	3	5
18	3	2
19	2	11
20	3	11
21	4	2
22	4	11
23	5	11
24	3	11
25	4	11
26	3	11
27	4	11
28	4	5
29	5	5
30	5	5
31	3	5
32	4	5

Routing Table of Node 20
------------------------
Node	Cost	Next Hop
1	4	19
2	4	19
3	3	19
4	4	19
5	4	19
6	4	15
7	4	15
8	3	19
9	3	15
10	3	19
11	2	19
12	2	15
13	3	15
14	2	15
15	1	15
16	3	15
17	4	15
18	2	19
19	1	19
20	0	20
21	3	19
22	3	19
23	4	19
24	2	19
25	3	19
26	1	26
27	2	26
28	3	26
29	4	19
30	4	26
31	2	26
32	3	26


Number of Iterations to Converge : 9

Cost from 4 to 20 : 4

Routing Table of Node 4
------------------------
Node	Cost	Next Hop
1	2	3
2	2	3
3	1	3
4	0	4
5	1	5
6	2	5
7	2	5
8	3	3
9	3	3
10	3	3
11	2	3
12	3	3
13	3	5
14	3	3
15	4	3
16	2	5
17	3	5
18	4	3
19	3	3
20	4	3
21	5	3
22	5	3
23	6	3
24	4	3
25	5	3
26	4	3
27	5	3
28	4	5
29	5	5
30	5	5
31	3	5
32	4	5

Routing Table of Node 20
------------------------
Node	Cost	Next Hop
1	4	19
2	4	19
3	3	19
4	4	19
5	4	19
6	4	15
7	4	15
8	3	19
9	3	15
10	3	19
11	2	19
12	2	15
13	3	15
14	2	15
15	1	15
16	3	15
17	4	15
18	2	19
19	1	19
20	0	20
21	3	19
22	3	19
23	4	19
24	2	19
25	3	19
26	1	26
27	2	26
28	3	26
29	4	26
30	4	26
31	2	26
32	3	26


Number of Iterations to Converge : 9

Cost from 5 to 20 : 4

Routing Table of Node 5
------------------------
Node	Cost	Next Hop
1	2	3
2	2	3
3	1	3
4	1	4
5	0	5
6	1	6
7	1	7
8	3	3
9	2	7
10	3	3
11	2	3
12	3	3
13	2	6
14	2	16
15	3	16
16	1	16
17	2	6
18	4	3
19	3	3
20	4	3
21	5	3
22	5	3
23	6	3
24	4	3
25	5	3
26	3	16
27	4	16
28	3	16
29	4	16
30	4	16
31	2	16
32	3	16

Routing Table of Node 20
------------------------
Node	Cost	Next Hop
1	4	19
2	4	19
3	3	19
4	4	19
5	4	15
6	4	15
7	4	15
8	3	19
9	3	15
10	3	19
11	2	19
12	2	15
13	3	15
14	2	15
15	1	15
16	3	15
17	4	15
18	2	19
19	1	19
20	0	20
21	3	19
22	3	19
23	4	19
24	2	19
25	3	19
26	1	26
27	2	26
28	3	26
29	4	26
30	4	26
31	2	26
32	3	26


Number of Iterations to Converge : 9

Cost from 6 to 20 : 4

Routing Table of Node 6
------------------------
Node	Cost	Next Hop
1	3	5
2	3	5
3	2	5
4	2	5
5	1	5
6	0	6
7	2	5
8	4	5
9	3	5
10	4	5
11	3	5
12	4	5
13	1	13
14	2	13
15	3	13
16	2	5
17	1	17
18	5	5
19	4	5
20	4	13
21	6	5
22	6	5
23	6	13
24	5	5
25	5	13
26	3	13
27	4	13
28	4	5
29	5	5
30	5	5
31	3	5
32	4	5

Routing Table of Node 20
------------------------
Node	Cost	Next Hop
1	4	19
2	4	19
3	3	19
4	4	19
5	4	15
6	4	15
7	4	15
8	3	19
9	3	15
10	3	19
11	2	19
12	2	15
13	3	15
14	2	15
15	1	15
16	3	15
17	4	15
18	2	19
19	1	19
20	0	20
21	3	19
22	3	19
23	4	19
24	2	19
25	3	26
26	1	26
27	2	26
28	3	26
29	4	26
30	4	26
31	2	26
32	3	26


Number of Iterations to Converge : 9

Cost from 7 to 20 : 4

Routing Table of Node 7
------------------------
Node	Cost	Next Hop
1	3	5
2	2	9
3	2	5
4	2	5
5	1	5
6	2	5
7	0	7
8	2	9
9	1	9
10	3	9
11	3	5
12	4	5
13	1	13
14	2	9
15	3	9
16	2	5
17	2	13
18	4	9
19	4	5
20	4	9
21	5	9
22	6	5
23	6	9
24	5	5
25	5	9
26	3	9
27	4	9
28	4	5
29	5	5
30	5	5
31	3	5
32	4	5

Routing Table of Node 20
------------------------
Node	Cost	Next Hop
1	4	19
2	4	15
3	3	19
4	4	19
5	4	15
6	4	15
7	4	15
8	3	19
9	3	15
10	3	19
11	2	19
12	2	15
13	3	15
14	2	15
15	1	15
16	3	15
17	4	15
18	2	19
19	1	19
20	0	20
21	3	19
22	3	19
23	4	19
24	2	19
25	3	26
26	1	26
27	2	26
28	3	26
29	4	26
30	4	26
31	2	26
32	3	26


Number of Iterations to Converge : 9

Cost from 8 to 20 : 3

Routing Table of Node 8
------------------------
Node	Cost	Next Hop
1	3	9
2	2	9
3	2	11
4	3	11
5	3	9
6	4	9
7	2	9
8	0	8
9	1	9
10	2	11
11	1	11
12	2	11
13	3	9
14	2	9
15	3	9
16	3	9
17	4	9
18	3	11
19	2	11
20	3	11
21	4	11
22	4	11
23	5	11
24	3	11
25	4	11
26	3	9
27	4	9
28	5	9
29	5	11
30	6	9
31	4	9
32	5	9

Routing Table of Node 20
------------------------
Node	Cost	Next Hop
1	4	19
2	4	15
3	3	19
4	4	19
5	4	19
6	4	15
7	4	15
8	3	19
9	3	15
10	3	19
11	2	19
12	2	15
13	3	15
14	2	15
15	1	15
16	3	15
17	4	15
18	2	19
19	1	19
20	0	20
21	3	19
22	3	19
23	4	19
24	2	19
25	3	19
26	1	26
27	2	26
28	3	26
29	4	19
30	4	26
31	2	26
32	3	26


Number of Iterations to Converge : 8

Cost from 9 to 20 : 3

Routing Table of Node 9
------------------------
Node	Cost	Next Hop
1	2	2
2	1	2
3	2	2
4	3	2
5	2	7
6	3	7
7	1	7
8	1	8
9	0	9
10	2	2
11	2	8
12	3	8
13	2	7
14	1	14
15	2	14
16	2	14
17	3	7
18	3	2
19	3	8
20	3	14
21	4	2
22	5	2
23	5	14
24	4	8
25	4	14
26	2	14
27	3	14
28	4	14
29	5	14
30	5	14
31	3	14
32	4	14

Routing Table of Node 20
------------------------
Node	Cost	Next Hop
1	4	19
2	4	15
3	3	19
4	4	19
5	4	15
6	4	15
7	4	15
8	3	19
9	3	15
10	3	19
11	2	19
12	2	15
13	3	15
14	2	15
15	1	15
16	3	15
17	4	15
18	2	19
19	1	19
20	0	20
21	3	19
22	3	19
23	4	19
24	2	19
25	3	26
26	1	26
27	2	26
28	3	26
29	4	19
30	4	26
31	2	26
32	3	26


Number of Iterations to Converge : 9

Cost from 10 to 20 : 3

Routing Table of Node 10
------------------------
Node	Cost	Next Hop
1	2	2
2	1	2
3	2	2
4	3	2
5	3	2
6	4	2
7	3	2
8	2	11
9	2	2
10	0	10
11	1	11
12	2	11
13	3	11
14	2	11
15	3	11
16	3	11
17	4	11
18	1	18
19	2	11
20	3	11
21	2	18
22	3	18
23	4	18
24	3	11
25	4	11
26	3	11
27	4	11
28	5	11
29	5	11
30	6	11
31	4	11
32	5	11

Routing Table of Node 20
------------------------
Node	Cost	Next Hop
1	4	19
2	4	19
3	3	19
4	4	19
5	4	19
6	4	15
7	4	15
8	3	19
9	3	15
10	3	19
11	2	19
12	2	15
13	3	15
14	2	15
15	1	15
16	3	15
17	4	15
18	2	19
19	1	19
20	0	20
21	3	19
22	3	19
23	4	19
24	2	19
25	3	19
26	1	26
27	2	26
28	3	26
29	4	19
30	4	26
31	2	26
32	3	26


Number of Iterations to Converge : 8

Cost from 11 to 20 : 2

Routing Table of Node 11
------------------------
Node	Cost	Next Hop
1	2	3
2	2	3
3	1	3
4	2	3
5	2	3
6	3	3
7	3	3
8	1	8
9	2	8
10	1	10
11	0	11
12	1	12
13	2	14
14	1	14
15	2	12
16	2	14
17	3	14
18	2	10
19	1	19
20	2	19
21	3	10
22	3	19
23	4	19
24	2	19
25	3	19
26	2	14
27	3	14
28	4	14
29	4	19
30	5	14
31	3	14
32	4	14

Routing Table of Node 20
------------------------
Node	Cost	Next Hop
1	4	19
2	4	19
3	3	19
4	4	19
5	4	19
6	4	15
7	4	15
8	3	19
9	3	15
10	3	19
11	2	19
12	2	15
13	3	15
14	2	15
15	1	15
16	3	15
17	4	15
18	2	19
19	1	19
20	0	20
21	3	19
22	3	19
23	4	19
24	2	19
25	3	19
26	1	26
27	2	26
28	3	26
29	4	19
30	4	26
31	2	26
32	3	26


Number of Iterations to Converge : 8

Cost from 12 to 20 : 2

Routing Table of Node 12
------------------------
Node	Cost	Next Hop
1	3	11
2	3	11
3	2	11
4	3	11
5	3	11
6	4	11
7	4	11
8	2	11
9	3	11
10	2	11
11	1	11
12	0	12
13	3	11
14	2	11
15	1	15
16	3	11
17	4	11
18	3	11
19	2	11
20	2	15
21	4	11
22	4	11
23	5	11
24	3	11
25	4	11
26	3	11
27	4	11
28	5	11
29	5	11
30	6	11
31	4	11
32	5	11

Routing Table of Node 20
------------------------
Node	Cost	Next Hop
1	4	19
2	4	19
3	3	19
4	4	19
5	4	19
6	4	15
7	4	15
8	3	19
9	3	15
10	3	19
11	2	19
12	2	15
13	3	15
14	2	15
15	1	15
16	3	15
17	4	15
18	2	19
19	1	19
20	0	20
21	3	19
22	3	19
23	4	19
24	2	19
25	3	19
26	1	26
27	2	26
28	3	26
29	4	19
30	4	26
31	2	26
32	3	26


Number of Iterations to Converge : 9

Cost from 13 to 20 : 3

Routing Table of Node 13
------------------------
Node	Cost	Next Hop
1	4	6
2	3	7
3	3	6
4	3	6
5	2	6
6	1	6
7	1	7
8	3	7
9	2	7
10	3	14
11	2	14
12	3	14
13	0	13
14	1	14
15	2	14
16	2	14
17	1	17
18	4	14
19	3	14
20	3	14
21	5	14
22	5	14
23	5	14
24	4	14
25	4	14
26	2	14
27	3	14
28	4	14
29	5	14
30	5	14
31	3	14
32	4	14

Routing Table of Node 20
------------------------
Node	Cost	Next Hop
1	4	19
2	4	15
3	3	19
4	4	19
5	4	15
6	4	15
7	4	15
8	3	19
9	3	15
10	3	19
11	2	19
12	2	15
13	3	15
14	2	15
15	1	15
16	3	15
17	4	15
18	2	19
19	1	19
20	0	20
21	3	19
22	3	19
23	4	19
24	2	19
25	3	26
26	1	26
27	2	26
28	3	26
29	4	19
30	4	26
31	2	26
32	3	26


Number of Iterations to Converge : 7

Cost from 14 to 20 : 2

Routing Table of Node 14
------------------------
Node	Cost	Next Hop
1	3	9
2	2	9
3	2	11
4	3	11
5	2	16
6	2	13
7	2	9
8	2	9
9	1	9
10	2	11
11	1	11
12	2	11
13	1	13
14	0	14
15	1	15
16	1	16
17	2	13
18	3	11
19	2	11
20	2	15
21	4	11
22	4	11
23	4	26
24	3	11
25	3	26
26	1	26
27	2	26
28	3	16
29	4	16
30	4	16
31	2	16
32	3	16

Routing Table of Node 20
------------------------
Node	Cost	Next Hop
1	4	19
2	4	15
3	3	19
4	4	19
5	4	15
6	4	15
7	4	15
8	3	19
9	3	15
10	3	19
11	2	19
12	2	15
13	3	15
14	2	15
15	1	15
16	3	15
17	4	15
18	2	19
19	1	19
20	0	20
21	3	19
22	3	19
23	4	19
24	2	19
25	3	26
26	1	26
27	2	26
28	3	26
29	4	19
30	4	26
31	2	26
32	3	26


Number of Iterations to Converge : 8

Cost from 15 to 20 : 1

Routing Table of Node 15
------------------------
Node	Cost	Next Hop
1	4	12
2	3	14
3	3	12
4	4	12
5	3	14
6	3	14
7	3	14
8	3	12
9	2	14
10	3	12
11	2	12
12	1	12
13	2	14
14	1	14
15	0	15
16	2	14
17	3	14
18	3	20
19	2	20
20	1	20
21	4	20
22	4	20
23	5	14
24	3	20
25	4	14
26	2	14
27	3	14
28	4	14
29	5	14
30	5	14
31	3	14
32	4	14

Routing Table of Node 20
------------------------
Node	Cost	Next Hop
1	4	19
2	4	15
3	3	19
4	4	19
5	4	15
6	4	15
7	4	15
8	3	19
9	3	15
10	3	19
11	2	19
12	2	15
13	3	15
14	2	15
15	1	15
16	3	15
17	4	15
18	2	19
19	1	19
20	0	20
21	3	19
22	3	19
23	4	19
24	2	19
25	3	19
26	1	26
27	2	26
28	3	26
29	4	19
30	4	26
31	2	26
32	3	26


Number of Iterations to Converge : 8

Cost from 16 to 20 : 3

Routing Table of Node 16
------------------------
Node	Cost	Next Hop
1	3	5
2	3	5
3	2	5
4	2	5
5	1	5
6	2	5
7	2	5
8	3	14
9	2	14
10	3	14
11	2	14
12	3	14
13	2	14
14	1	14
15	2	14
16	0	16
17	1	17
18	4	14
19	3	14
20	3	14
21	5	14
22	5	14
23	5	14
24	4	14
25	4	14
26	2	14
27	3	14
28	2	31
29	3	31
30	3	31
31	1	31
32	2	31

Routing Table of Node 20
------------------------
Node	Cost	Next Hop
1	4	19
2	4	15
3	3	19
4	4	19
5	4	15
6	4	15
7	4	15
8	3	19
9	3	15
10	3	19
11	2	19
12	2	15
13	3	15
14	2	15
15	1	15
16	3	15
17	4	15
18	2	19
19	1	19
20	0	20
21	3	19
22	3	19
23	4	19
24	2	19
25	3	26
26	1	26
27	2	26
28	3	26
29	4	26
30	4	26
31	2	26
32	3	26


Number of Iterations to Converge : 9

Cost from 17 to 20 : 4

Routing Table of Node 17
------------------------
Node	Cost	Next Hop
1	4	6
2	4	6
3	3	6
4	3	6
5	2	6
6	1	6
7	2	13
8	4	13
9	3	13
10	4	13
11	3	13
12	4	13
13	1	13
14	2	13
15	3	13
16	1	16
17	0	17
18	5	13
19	4	13
20	4	13
21	6	13
22	6	13
23	6	13
24	5	13
25	5	13
26	3	13
27	4	13
28	3	16
29	4	16
30	4	16
31	2	16
32	3	16

Routing Table of Node 20
------------------------
Node	Cost	Next Hop
1	4	19
2	4	15
3	3	19
4	4	19
5	4	15
6	4	15
7	4	15
8	3	19
9	3	15
10	3	19
11	2	19
12	2	15
13	3	15
14	2	15
15	1	15
16	3	15
17	4	15
18	2	19
19	1	19
20	0	20
21	3	19
22	3	19
23	4	19
24	2	19
25	3	26
26	1	26
27	2	26
28	3	26
29	4	26
30	4	26
31	2	26
32	3	26


Number of Iterations to Converge : 8

Cost from 18 to 20 : 2

Routing Table of Node 18
------------------------
Node	Cost	Next Hop
1	3	10
2	2	10
3	3	10
4	4	10
5	4	10
6	5	10
7	4	10
8	3	10
9	3	10
10	1	10
11	2	10
12	3	10
13	4	10
14	3	10
15	3	19
16	4	10
17	5	10
18	0	18
19	1	19
20	2	19
21	1	21
22	2	21
23	3	21
24	2	19
25	3	19
26	3	19
27	3	19
28	4	19
29	4	19
30	5	19
31	4	19
32	5	19

Routing Table of Node 20
------------------------
Node	Cost	Next Hop
1	4	19
2	4	19
3	3	19
4	4	19
5	4	19
6	4	15
7	4	15
8	3	19
9	3	15
10	3	19
11	2	19
12	2	15
13	3	15
14	2	15
15	1	15
16	3	15
17	4	15
18	2	19
19	1	19
20	0	20
21	3	19
22	3	19
23	4	19
24	2	19
25	3	19
26	1	26
27	2	26
28	3	26
29	4	19
30	4	26
31	2	26
32	3	26


Number of Iterations to Converge : 7

Cost from 19 to 20 : 1

Routing Table of Node 19
------------------------
Node	Cost	Next Hop
1	3	11
2	3	11
3	2	11
4	3	11
5	3	11
6	4	11
7	4	11
8	2	11
9	3	11
10	2	11
11	1	11
12	2	11
13	3	11
14	2	11
15	2	20
16	3	11
17	4	11
18	1	18
19	0	19
20	1	20
21	2	18
22	2	24
23	3	24
24	1	24
25	2	24
26	2	20
27	2	24
28	3	24
29	3	24
30	4	24
31	3	20
32	4	20

Routing Table of Node 20
------------------------
Node	Cost	Next Hop
1	4	19
2	4	19
3	3	19
4	4	19
5	4	19
6	4	15
7	4	15
8	3	19
9	3	15
10	3	19
11	2	19
12	2	15
13	3	15
14	2	15
15	1	15
16	3	15
17	4	15
18	2	19
19	1	19
20	0	20
21	3	19
22	3	19
23	4	19
24	2	19
25	3	19
26	1	26
27	2	26
28	3	26
29	4	19
30	4	26
31	2	26
32	3	26


Number of Iterations to Converge : 7

Cost from 20 to 20 : 0

Routing Table of Node 20
------------------------
Node	Cost	Next Hop
1	4	19
2	4	15
3	3	19
4	4	19
5	4	15
6	4	15
7	4	15
8	3	19
9	3	15
10	3	19
11	2	19
12	2	15
13	3	15
14	2	15
15	1	15
16	3	15
17	4	15
18	2	19
19	1	19
20	0	20
21	3	19
22	3	19
23	4	19
24	2	19
25	3	19
26	1	26
27	2	26
28	3	26
29	4	19
30	4	26
31	2	26
32	3	26

Routing Table of Node 20
------------------------
Node	Cost	Next Hop
1	4	19
2	4	15
3	3	19
4	4	19
5	4	15
6	4	15
7	4	15
8	3	19
9	3	15
10	3	19
11	2	19
12	2	15
13	3	15
14	2	15
15	1	15
16	3	15
17	4	15
18	2	19
19	1	19
20	0	20
21	3	19
22	3	19
23	4	19
24	2	19
25	3	19
26	1	26
27	2	26
28	3	26
29	4	19
30	4	26
31	2	26
32	3	26


Number of Iterations to Converge : 9

Cost from 21 to 20 : 3

Routing Table of Node 21
------------------------
Node	Cost	Next Hop
1	4	18
2	3	18
3	4	18
4	5	18
5	5	18
6	6	18
7	5	18
8	4	18
9	4	18
10	2	18
11	3	18
12	4	18
13	5	18
14	4	18
15	4	18
16	5	18
17	6	18
18	1	18
19	2	18
20	3	18
21	0	21
22	1	22
23	2	22
24	2	22
25	3	22
26	4	18
27	3	22
28	4	22
29	4	22
30	5	22
31	5	18
32	6	18

Routing Table of Node 20
------------------------
Node	Cost	Next Hop
1	4	19
2	4	19
3	3	19
4	4	19
5	4	19
6	4	15
7	4	15
8	3	19
9	3	15
10	3	19
11	2	19
12	2	15
13	3	15
14	2	15
15	1	15
16	3	15
17	4	15
18	2	19
19	1	19
20	0	20
21	3	19
22	3	19
23	4	19
24	2	19
25	3	19
26	1	26
27	2	26
28	3	26
29	4	19
30	4	26
31	2	26
32	3	26


Number of Iterations to Converge : 9

Cost from 22 to 20 : 3

Routing Table of Node 22
------------------------
Node	Cost	Next Hop
1	5	21
2	4	21
3	4	24
4	5	24
5	5	24
6	6	24
7	6	21
8	4	24
9	5	21
10	3	21
11	3	24
12	4	24
13	5	24
14	4	24
15	4	24
16	5	24
17	6	24
18	2	21
19	2	24
20	3	24
21	1	21
22	0	22
23	1	23
24	1	24
25	2	23
26	3	24
27	2	24
28	3	24
29	3	23
30	4	24
31	4	24
32	5	24

Routing Table of Node 20
------------------------
Node	Cost	Next Hop
1	4	19
2	4	19
3	3	19
4	4	19
5	4	19
6	4	15
7	4	15
8	3	19
9	3	15
10	3	19
11	2	19
12	2	15
13	3	15
14	2	26
15	1	15
16	3	15
17	4	15
18	2	19
19	1	19
20	0	20
21	3	19
22	3	19
23	4	19
24	2	19
25	3	19
26	1	26
27	2	26
28	3	26
29	4	19
30	4	26
31	2	26
32	3	26


Number of Iterations to Converge : 9

Cost from 23 to 20 : 4

Routing Table of Node 23
------------------------
Node	Cost	Next Hop
1	6	22
2	5	22
3	5	22
4	6	22
5	6	22
6	6	25
7	6	25
8	5	22
9	5	25
10	4	22
11	4	22
12	5	22
13	5	25
14	4	25
15	5	22
16	5	25
17	6	25
18	3	22
19	3	22
20	4	22
21	2	22
22	1	22
23	0	23
24	2	22
25	1	25
26	3	25
27	2	25
28	3	25
29	2	25
30	4	25
31	4	25
32	5	25

Routing Table of Node 20
------------------------
Node	Cost	Next Hop
1	4	19
2	4	19
3	3	19
4	4	19
5	4	15
6	4	15
7	4	15
8	3	19
9	3	15
10	3	19
11	2	19
12	2	15
13	3	15
14	2	26
15	1	15
16	3	15
17	4	15
18	2	19
19	1	19
20	0	20
21	3	19
22	3	19
23	4	19
24	2	19
25	3	19
26	1	26
27	2	26
28	3	26
29	4	19
30	4	26
31	2	26
32	3	26


Number of Iterations to Converge : 8

Cost from 24 to 20 : 2

Routing Table of Node 24
------------------------
Node	Cost	Next Hop
1	4	19
2	4	19
3	3	19
4	4	19
5	4	19
6	5	19
7	5	19
8	3	19
9	4	19
10	3	19
11	2	19
12	3	19
13	4	19
14	3	19
15	3	19
16	4	19
17	5	19
18	2	19
19	1	19
20	2	19
21	2	22
22	1	22
23	2	22
24	0	24
25	1	25
26	2	27
27	1	27
28	2	27
29	2	25
30	3	27
31	3	27
32	4	27

Routing Table of Node 20
------------------------
Node	Cost	Next Hop
1	4	19
2	4	19
3	3	19
4	4	19
5	4	19
6	4	15
7	4	15
8	3	19
9	3	15
10	3	19
11	2	19
12	2	15
13	3	15
14	2	26
15	1	15
16	3	15
17	4	15
18	2	19
19	1	19
20	0	20
21	3	19
22	3	19
23	4	19
24	2	19
25	3	19
26	1	26
27	2	26
28	3	26
29	4	19
30	4	26
31	2	26
32	3	26


Number of Iterations to Converge : 8

Cost from 25 to 20 : 3

Routing Table of Node 25
------------------------
Node	Cost	Next Hop
1	5	24
2	5	24
3	4	24
4	5	24
5	5	24
6	5	27
7	5	27
8	4	24
9	4	27
10	4	24
11	3	24
12	4	24
13	4	27
14	3	27
15	4	24
16	4	27
17	5	27
18	3	24
19	2	24
20	3	24
21	3	23
22	2	23
23	1	23
24	1	24
25	0	25
26	2	27
27	1	27
28	2	27
29	1	29
30	3	27
31	3	27
32	4	27

Routing Table of Node 20
------------------------
Node	Cost	Next Hop
1	4	19
2	4	15
3	3	19
4	4	19
5	4	15
6	4	15
7	4	15
8	3	19
9	3	15
10	3	19
11	2	19
12	2	15
13	3	15
14	2	26
15	1	15
16	3	15
17	4	15
18	2	19
19	1	19
20	0	20
21	3	19
22	3	19
23	4	19
24	2	19
25	3	19
26	1	26
27	2	26
28	3	26
29	4	19
30	4	26
31	2	26
32	3	26


Number of Iterations to Converge : 6

Cost from 26 to 20 : 1

Routing Table of Node 26
------------------------
Node	Cost	Next Hop
1	4	14
2	3	14
3	3	14
4	4	14
5	3	14
6	3	14
7	3	14
8	3	14
9	2	14
10	3	14
11	2	14
12	3	14
13	2	14
14	1	14
15	2	14
16	2	14
17	3	14
18	3	20
19	2	20
20	1	20
21	4	20
22	3	27
23	3	27
24	2	27
25	2	27
26	0	26
27	1	27
28	2	27
29	3	27
30	3	27
31	1	31
32	2	31

Routing Table of Node 20
------------------------
Node	Cost	Next Hop
1	4	19
2	4	15
3	3	19
4	4	19
5	4	15
6	4	15
7	4	15
8	3	19
9	3	15
10	3	19
11	2	19
12	2	15
13	3	15
14	2	26
15	1	15
16	3	15
17	4	15
18	2	19
19	1	19
20	0	20
21	3	19
22	3	19
23	4	19
24	2	19
25	3	26
26	1	26
27	2	26
28	3	26
29	4	19
30	4	26
31	2	26
32	3	26


Number of Iterations to Converge : 8

Cost from 27 to 20 : 2

Routing Table of Node 27
------------------------
Node	Cost	Next Hop
1	5	24
2	4	26
3	4	24
4	5	24
5	4	26
6	4	26
7	4	26
8	4	24
9	3	26
10	4	24
11	3	24
12	4	24
13	3	26
14	2	26
15	3	26
16	3	26
17	4	26
18	3	24
19	2	24
20	2	26
21	3	24
22	2	24
23	2	25
24	1	24
25	1	25
26	1	26
27	0	27
28	1	28
29	2	25
30	2	28
31	2	26
32	3	26

Routing Table of Node 20
------------------------
Node	Cost	Next Hop
1	4	19
2	4	15
3	3	19
4	4	19
5	4	15
6	4	15
7	4	15
8	3	19
9	3	15
10	3	19
11	2	19
12	2	15
13	3	15
14	2	26
15	1	15
16	3	15
17	4	15
18	2	19
19	1	19
20	0	20
21	3	19
22	3	19
23	4	19
24	2	19
25	3	26
26	1	26
27	2	26
28	3	26
29	4	19
30	4	26
31	2	26
32	3	26


Number of Iterations to Converge : 8

Cost from 28 to 20 : 3

Routing Table of Node 28
------------------------
Node	Cost	Next Hop
1	5	31
2	5	27
3	4	31
4	4	31
5	3	31
6	4	31
7	4	31
8	5	27
9	4	27
10	5	27
11	4	27
12	5	27
13	4	27
14	3	27
15	4	27
16	2	31
17	3	31
18	4	27
19	3	27
20	3	27
21	4	27
22	3	27
23	3	27
24	2	27
25	2	27
26	2	27
27	1	27
28	0	28
29	1	29
30	1	30
31	1	31
32	2	30

Routing Table of Node 20
------------------------
Node	Cost	Next Hop
1	4	19
2	4	15
3	3	19
4	4	19
5	4	15
6	4	15
7	4	15
8	3	19
9	3	15
10	3	19
11	2	19
12	2	15
13	3	15
14	2	26
15	1	15
16	3	26
17	4	15
18	2	19
19	1	19
20	0	20
21	3	19
22	3	19
23	4	19
24	2	19
25	3	26
26	1	26
27	2	26
28	3	26
29	4	26
30	4	26
31	2	26
32	3	26


Number of Iterations to Converge : 8

Cost from 29 to 20 : 4

Routing Table of Node 29
------------------------
Node	Cost	Next Hop
1	6	25
2	6	25
3	5	25
4	5	28
5	4	28
6	5	28
7	5	28
8	5	25
9	5	25
10	5	25
11	4	25
12	5	25
13	5	25
14	4	25
15	5	25
16	3	28
17	4	28
18	4	25
19	3	25
20	4	25
21	4	25
22	3	25
23	2	25
24	2	25
25	1	25
26	3	25
27	2	25
28	1	28
29	0	29
30	2	28
31	2	28
32	3	28

Routing Table of Node 20
------------------------
Node	Cost	Next Hop
1	4	19
2	4	15
3	3	19
4	4	19
5	4	15
6	4	15
7	4	15
8	3	19
9	3	15
10	3	19
11	2	19
12	2	15
13	3	15
14	2	26
15	1	15
16	3	26
17	4	15
18	2	19
19	1	19
20	0	20
21	3	19
22	3	19
23	4	19
24	2	19
25	3	19
26	1	26
27	2	26
28	3	26
29	4	19
30	4	26
31	2	26
32	3	26


Number of Iterations to Converge : 8

Cost from 30 to 20 : 4

Routing Table of Node 30
------------------------
Node	Cost	Next Hop
1	6	28
2	6	28
3	5	28
4	5	28
5	4	28
6	5	28
7	5	28
8	6	28
9	5	28
10	6	28
11	5	28
12	6	28
13	5	28
14	4	28
15	5	28
16	3	28
17	4	28
18	5	28
19	4	28
20	4	28
21	5	28
22	4	28
23	4	28
24	3	28
25	3	28
26	3	28
27	2	28
28	1	28
29	2	28
30	0	30
31	2	28
32	1	32

Routing Table of Node 20
------------------------
Node	Cost	Next Hop
1	4	19
2	4	15
3	3	19
4	4	19
5	4	15
6	4	15
7	4	15
8	3	19
9	3	15
10	3	19
11	2	19
12	2	15
13	3	15
14	2	26
15	1	15
16	3	26
17	4	15
18	2	19
19	1	19
20	0	20
21	3	19
22	3	19
23	4	19
24	2	19
25	3	26
26	1	26
27	2	26
28	3	26
29	4	26
30	4	26
31	2	26
32	3	26


Number of Iterations to Converge : 7

Cost from 31 to 20 : 2

Routing Table of Node 31
------------------------
Node	Cost	Next Hop
1	4	16
2	4	16
3	3	16
4	3	16
5	2	16
6	3	16
7	3	16
8	4	16
9	3	16
10	4	16
11	3	16
12	4	16
13	3	16
14	2	16
15	3	16
16	1	16
17	2	16
18	4	26
19	3	26
20	2	26
21	5	26
22	4	26
23	4	26
24	3	26
25	3	26
26	1	26
27	2	26
28	1	28
29	2	28
30	2	28
31	0	31
32	1	32

Routing Table of Node 20
------------------------
Node	Cost	Next Hop
1	4	19
2	4	15
3	3	19
4	4	19
5	4	15
6	4	15
7	4	15
8	3	19
9	3	15
10	3	19
11	2	19
12	2	15
13	3	15
14	2	26
15	1	15
16	3	26
17	4	15
18	2	19
19	1	19
20	0	20
21	3	19
22	3	19
23	4	19
24	2	19
25	3	26
26	1	26
27	2	26
28	3	26
29	4	26
30	4	26
31	2	26
32	3	26


Number of Iterations to Converge : 7

Cost from 32 to 20 : 3

Routing Table of Node 32
------------------------
Node	Cost	Next Hop
1	5	31
2	5	31
3	4	31
4	4	31
5	3	31
6	4	31
7	4	31
8	5	31
9	4	31
10	5	31
11	4	31
12	5	31
13	4	31
14	3	31
15	4	31
16	2	31
17	3	31
18	5	31
19	4	31
20	3	31
21	6	30
22	5	30
23	5	30
24	4	30
25	4	30
26	2	31
27	3	30
28	2	30
29	3	30
30	1	30
31	1	31
32	0	32

Routing Table of Node 20
------------------------
Node	Cost	Next Hop
1	4	19
2	4	15
3	3	19
4	4	19
5	4	15
6	4	15
7	4	15
8	3	19
9	3	15
10	3	19
11	2	19
12	2	15
13	3	15
14	2	26
15	1	15
16	3	26
17	4	15
18	2	19
19	1	19
20	0	20
21	3	19
22	3	19
23	4	19
24	2	19
25	3	26
26	1	26
27	2	26
28	3	26
29	4	26
30	4	26
31	2	26
32	3	26

