
Number of Iterations to Converge : 7

Cost from 1 to 20 : 12

Routing Table of Node 1
------------------------
Node	Cost	Next Hop
1	0	1
2	1	2
3	1	3
4	2	3
5	3	3
6	4	3
7	6	3
8	7	2
9	6	2
10	6	2
11	7	3
12	8	3
13	8	3
14	10	3
15	9	3
16	9	3
17	9	3
18	10	2
19	11	3
20	12	3
21	14	2
22	15	3
23	16	3
24	14	3
25	16	3
26	13	3
27	14	3
28	13	3
29	16	3
30	15	3
31	12	3
32	13	3

Routing Table of Node 20
------------------------
Node	Cost	Next Hop
1	12	19
2	11	19
3	11	19
4	12	19
5	11	15
6	11	15
7	10	19
8	6	19
9	7	19
10	6	19
11	5	19
12	4	15
13	8	15
14	4	15
15	3	15
16	5	15
17	6	15
18	2	19
19	1	19
20	0	20
21	6	19
22	4	26
23	5	26
24	3	26
25	4	26
26	1	26
27	2	26
28	5	26
29	8	26
30	8	26
31	5	26
32	6	26


Number of Iterations to Converge : 7

Cost from 2 to 20 : 11

Routing Table of Node 2
------------------------
Node	Cost	Next Hop
1	1	1
2	0	2
3	1	3
4	2	3
5	3	3
6	4	3
7	6	3
8	6	9
9	5	9
10	5	10
11	6	10
12	7	10
13	8	3
14	9	10
15	8	10
16	9	3
17	9	3
18	9	10
19	10	10
20	11	10
21	13	10
22	14	10
23	15	10
24	13	10
25	15	10
26	12	10
27	13	10
28	13	3
29	16	3
30	15	3
31	12	3
32	13	3

Routing Table of Node 20
------------------------
Node	Cost	Next Hop
1	12	19
2	11	19
3	11	19
4	12	19
5	11	15
6	11	15
7	10	19
8	6	19
9	7	19
10	6	19
11	5	19
12	4	15
13	8	15
14	4	15
15	3	15
16	5	15
17	6	15
18	2	19
19	1	19
20	0	20
21	6	19
22	4	26
23	5	26
24	3	26
25	4	26
26	1	26
27	2	26
28	5	26
29	8	26
30	8	26
31	5	26
32	6	26


Number of Iterations to Converge : 7

Cost from 3 to 20 : 11

Routing Table of Node 3
------------------------
Node	Cost	Next Hop
1	1	1
2	1	2
3	0	3
4	1	4
5	2	5
6	3	5
7	5	5
8	7	11
9	6	2
10	6	2
11	6	11
12	7	11
13	7	5
14	9	5
15	8	11
16	8	5
17	8	5
18	10	2
19	10	11
20	11	11
21	14	2
22	14	11
23	15	11
24	13	11
25	15	11
26	12	11
27	13	11
28	12	5
29	15	5
30	14	5
31	11	5
32	12	5

Routing Table of Node 20
------------------------
Node	Cost	Next Hop
1	12	19
2	11	19
3	11	19
4	12	19
5	11	15
6	11	15
7	10	19
8	6	19
9	7	19
10	6	19
11	5	19
12	4	15
13	8	15
14	4	15
15	3	15
16	5	15
17	6	15
18	2	19
19	1	19
20	0	20
21	6	19
22	4	26
23	5	26
24	3	26
25	4	26
26	1	26
27	2	26
28	5	26
29	8	26
30	8	26
31	5	26
32	6	26


Number of Iterations to Converge : 7

Cost from 4 to 20 : 12

Routing Table of Node 4
------------------------
Node	Cost	Next Hop
1	2	3
2	2	3
3	1	3
4	0	4
5	3	5
6	4	5
7	6	5
8	8	3
9	7	3
10	7	3
11	7	3
12	8	3
13	8	5
14	10	5
15	9	3
16	9	5
17	9	5
18	11	3
19	11	3
20	12	3
21	15	3
22	15	3
23	16	3
24	14	3
25	16	3
26	13	3
27	14	3
28	13	5
29	16	5
30	15	5
31	12	5
32	13	5

Routing Table of Node 20
------------------------
Node	Cost	Next Hop
1	12	19
2	11	19
3	11	19
4	12	19
5	11	15
6	11	15
7	10	19
8	6	19
9	7	19
10	6	19
11	5	19
12	4	15
13	8	15
14	4	15
15	3	15
16	5	15
17	6	15
18	2	19
19	1	19
20	0	20
21	6	19
22	4	26
23	5	26
24	3	26
25	4	26
26	1	26
27	2	26
28	5	26
29	8	26
30	8	26
31	5	26
32	6	26


Number of Iterations to Converge : 7

Cost from 5 to 20 : 11

Routing Table of Node 5
------------------------
Node	Cost	Next Hop
1	3	3
2	3	3
3	2	3
4	3	4
5	0	5
6	1	6
7	3	7
8	7	7
9	6	7
10	8	3
11	8	3
12	9	3
13	5	6
14	7	16
15	8	16
16	6	16
17	6	6
18	12	3
19	12	3
20	11	16
21	16	3
22	14	16
23	15	16
24	13	16
25	14	16
26	11	16
27	12	16
28	10	16
29	13	16
30	12	16
31	9	16
32	10	16

Routing Table of Node 20
------------------------
Node	Cost	Next Hop
1	12	19
2	11	19
3	11	19
4	12	19
5	11	15
6	11	15
7	10	19
8	6	19
9	7	19
10	6	19
11	5	19
12	4	15
13	8	15
14	4	15
15	3	15
16	5	15
17	6	15
18	2	19
19	1	19
20	0	20
21	6	19
22	4	26
23	5	26
24	3	26
25	4	26
26	1	26
27	2	26
28	5	26
29	8	26
30	8	26
31	5	26
32	6	26


Number of Iterations to Converge : 7

Cost from 6 to 20 : 11

Routing Table of Node 6
------------------------
Node	Cost	Next Hop
1	4	5
2	4	5
3	3	5
4	4	5
5	1	5
6	0	6
7	4	5
8	8	5
9	7	5
10	9	5
11	9	5
12	9	17
13	4	13
14	7	17
15	8	17
16	6	17
17	5	17
18	13	5
19	12	17
20	11	17
21	16	17
22	14	17
23	15	17
24	13	17
25	14	17
26	11	17
27	12	17
28	10	17
29	13	17
30	12	17
31	9	17
32	10	17

Routing Table of Node 20
------------------------
Node	Cost	Next Hop
1	12	19
2	11	19
3	11	19
4	12	19
5	11	15
6	11	15
7	10	19
8	6	19
9	7	19
10	6	19
11	5	19
12	4	15
13	8	15
14	4	15
15	3	15
16	5	15
17	6	15
18	2	19
19	1	19
20	0	20
21	6	19
22	4	26
23	5	26
24	3	26
25	4	26
26	1	26
27	2	26
28	5	26
29	8	26
30	8	26
31	5	26
32	6	26


Number of Iterations to Converge : 7

Cost from 7 to 20 : 10

Routing Table of Node 7
------------------------
Node	Cost	Next Hop
1	6	5
2	6	5
3	5	5
4	6	5
5	3	5
6	4	5
7	0	7
8	4	9
9	3	9
10	6	9
11	5	9
12	6	9
13	4	13
14	8	9
15	7	9
16	8	13
17	7	13
18	10	9
19	9	9
20	10	9
21	14	9
22	13	9
23	14	9
24	12	9
25	14	9
26	11	9
27	12	9
28	12	13
29	15	13
30	14	13
31	11	13
32	12	13

Routing Table of Node 20
------------------------
Node	Cost	Next Hop
1	12	19
2	11	19
3	11	19
4	12	19
5	11	15
6	11	15
7	10	19
8	6	19
9	7	19
10	6	19
11	5	19
12	4	15
13	8	15
14	4	15
15	3	15
16	5	15
17	6	15
18	2	19
19	1	19
20	0	20
21	6	19
22	4	26
23	5	26
24	3	26
25	4	26
26	1	26
27	2	26
28	5	26
29	8	26
30	8	26
31	5	26
32	6	26


Number of Iterations to Converge : 7

Cost from 8 to 20 : 6

Routing Table of Node 8
------------------------
Node	Cost	Next Hop
1	7	9
2	6	9
3	7	11
4	8	11
5	7	9
6	8	9
7	4	9
8	0	8
9	1	9
10	2	11
11	1	11
12	2	11
13	8	9
14	4	11
15	3	11
16	5	11
17	6	11
18	6	11
19	5	11
20	6	11
21	10	11
22	9	11
23	10	11
24	8	11
25	10	11
26	7	11
27	8	11
28	9	11
29	12	11
30	11	11
31	8	11
32	9	11

Routing Table of Node 20
------------------------
Node	Cost	Next Hop
1	12	19
2	11	19
3	11	19
4	12	19
5	11	15
6	11	15
7	10	19
8	6	19
9	7	19
10	6	19
11	5	19
12	4	15
13	8	15
14	4	15
15	3	15
16	5	15
17	6	15
18	2	19
19	1	19
20	0	20
21	6	19
22	4	26
23	5	26
24	3	26
25	4	26
26	1	26
27	2	26
28	5	26
29	8	26
30	8	26
31	5	26
32	6	26


Number of Iterations to Converge : 7

Cost from 9 to 20 : 7

Routing Table of Node 9
------------------------
Node	Cost	Next Hop
1	6	2
2	5	2
3	6	2
4	7	2
5	6	7
6	7	7
7	3	7
8	1	8
9	0	9
10	3	8
11	2	8
12	3	8
13	7	7
14	5	14
15	4	8
16	6	14
17	7	14
18	7	8
19	6	8
20	7	8
21	11	8
22	10	8
23	11	8
24	9	8
25	11	8
26	8	8
27	9	8
28	10	14
29	13	14
30	12	14
31	9	14
32	10	14

Routing Table of Node 20
------------------------
Node	Cost	Next Hop
1	12	19
2	11	19
3	11	19
4	12	19
5	11	15
6	11	15
7	10	19
8	6	19
9	7	19
10	6	19
11	5	19
12	4	15
13	8	15
14	4	15
15	3	15
16	5	15
17	6	15
18	2	19
19	1	19
20	0	20
21	6	19
22	4	26
23	5	26
24	3	26
25	4	26
26	1	26
27	2	26
28	5	26
29	8	26
30	8	26
31	5	26
32	6	26


Number of Iterations to Converge : 7

Cost from 10 to 20 : 6

Routing Table of Node 10
------------------------
Node	Cost	Next Hop
1	6	2
2	5	2
3	6	2
4	7	2
5	8	2
6	9	2
7	6	11
8	2	11
9	3	11
10	0	10
11	1	11
12	2	11
13	8	11
14	4	11
15	3	11
16	5	11
17	6	11
18	4	18
19	5	11
20	6	11
21	8	18
22	9	11
23	10	11
24	8	11
25	10	11
26	7	11
27	8	11
28	9	11
29	12	11
30	11	11
31	8	11
32	9	11

Routing Table of Node 20
------------------------
Node	Cost	Next Hop
1	12	19
2	11	19
3	11	19
4	12	19
5	11	15
6	11	15
7	10	19
8	6	19
9	7	19
10	6	19
11	5	19
12	4	15
13	8	15
14	4	15
15	3	15
16	5	15
17	6	15
18	2	19
19	1	19
20	0	20
21	6	19
22	4	26
23	5	26
24	3	26
25	4	26
26	1	26
27	2	26
28	5	26
29	8	26
30	8	26
31	5	26
32	6	26


Number of Iterations to Converge : 7

Cost from 11 to 20 : 5

Routing Table of Node 11
------------------------
Node	Cost	Next Hop
1	7	3
2	6	10
3	6	3
4	7	3
5	8	3
6	9	3
7	5	8
8	1	8
9	2	8
10	1	10
11	0	11
12	1	12
13	7	14
14	3	12
15	2	12
16	4	14
17	5	14
18	5	10
19	4	19
20	5	19
21	9	10
22	8	19
23	9	19
24	7	19
25	9	19
26	6	19
27	7	19
28	8	14
29	11	14
30	10	14
31	7	14
32	8	14

Routing Table of Node 20
------------------------
Node	Cost	Next Hop
1	12	19
2	11	19
3	11	19
4	12	19
5	11	15
6	11	15
7	10	19
8	6	19
9	7	19
10	6	19
11	5	19
12	4	15
13	8	15
14	4	15
15	3	15
16	5	15
17	6	15
18	2	19
19	1	19
20	0	20
21	6	19
22	4	26
23	5	26
24	3	26
25	4	26
26	1	26
27	2	26
28	5	26
29	8	26
30	8	26
31	5	26
32	6	26


Number of Iterations to Converge : 7

Cost from 12 to 20 : 4

Routing Table of Node 12
------------------------
Node	Cost	Next Hop
1	8	11
2	7	11
3	7	11
4	8	11
5	9	11
6	9	15
7	6	11
8	2	11
9	3	11
10	2	11
11	1	11
12	0	12
13	6	15
14	2	15
15	1	15
16	3	15
17	4	15
18	6	11
19	5	11
20	4	15
21	10	11
22	8	15
23	9	15
24	7	15
25	8	15
26	5	15
27	6	15
28	7	15
29	10	15
30	9	15
31	6	15
32	7	15

Routing Table of Node 20
------------------------
Node	Cost	Next Hop
1	12	19
2	11	19
3	11	19
4	12	19
5	11	15
6	11	15
7	10	19
8	6	19
9	7	19
10	6	19
11	5	19
12	4	15
13	8	15
14	4	15
15	3	15
16	5	15
17	6	15
18	2	19
19	1	19
20	0	20
21	6	19
22	4	26
23	5	26
24	3	26
25	4	26
26	1	26
27	2	26
28	5	26
29	8	26
30	8	26
31	5	26
32	6	26


Number of Iterations to Converge : 7

Cost from 13 to 20 : 8

Routing Table of Node 13
------------------------
Node	Cost	Next Hop
1	8	6
2	8	6
3	7	6
4	8	6
5	5	6
6	4	6
7	4	7
8	8	7
9	7	7
10	8	14
11	7	14
12	6	14
13	0	13
14	4	14
15	5	14
16	4	17
17	3	17
18	10	14
19	9	14
20	8	14
21	13	14
22	11	14
23	12	14
24	10	14
25	11	14
26	8	14
27	9	14
28	8	17
29	11	17
30	10	17
31	7	17
32	8	17

Routing Table of Node 20
------------------------
Node	Cost	Next Hop
1	12	19
2	11	19
3	11	19
4	12	19
5	11	15
6	11	15
7	10	19
8	6	19
9	7	19
10	6	19
11	5	19
12	4	15
13	8	15
14	4	15
15	3	15
16	5	15
17	6	15
18	2	19
19	1	19
20	0	20
21	6	19
22	4	26
23	5	26
24	3	26
25	4	26
26	1	26
27	2	26
28	5	26
29	8	26
30	8	26
31	5	26
32	6	26


Number of Iterations to Converge : 7

Cost from 14 to 20 : 4

Routing Table of Node 14
------------------------
Node	Cost	Next Hop
1	10	11
2	9	11
3	9	16
4	10	16
5	7	16
6	7	16
7	8	9
8	4	11
9	5	9
10	4	11
11	3	15
12	2	15
13	4	13
14	0	14
15	1	15
16	1	16
17	2	16
18	6	15
19	5	15
20	4	15
21	9	26
22	7	26
23	8	26
24	6	26
25	7	26
26	4	26
27	5	26
28	5	16
29	8	16
30	7	16
31	4	16
32	5	16

Routing Table of Node 20
------------------------
Node	Cost	Next Hop
1	12	19
2	11	19
3	11	19
4	12	19
5	11	15
6	11	15
7	10	19
8	6	19
9	7	19
10	6	19
11	5	19
12	4	15
13	8	15
14	4	15
15	3	15
16	5	15
17	6	15
18	2	19
19	1	19
20	0	20
21	6	19
22	4	26
23	5	26
24	3	26
25	4	26
26	1	26
27	2	26
28	5	26
29	8	26
30	8	26
31	5	26
32	6	26


Number of Iterations to Converge : 7

Cost from 15 to 20 : 3

Routing Table of Node 15
------------------------
Node	Cost	Next Hop
1	9	12
2	8	12
3	8	12
4	9	12
5	8	14
6	8	14
7	7	12
8	3	12
9	4	12
10	3	12
11	2	12
12	1	12
13	5	14
14	1	14
15	0	15
16	2	14
17	3	14
18	5	20
19	4	20
20	3	20
21	9	20
22	7	20
23	8	20
24	6	20
25	7	20
26	4	20
27	5	20
28	6	14
29	9	14
30	8	14
31	5	14
32	6	14

Routing Table of Node 20
------------------------
Node	Cost	Next Hop
1	12	19
2	11	19
3	11	19
4	12	19
5	11	15
6	11	15
7	10	19
8	6	19
9	7	19
10	6	19
11	5	19
12	4	15
13	8	15
14	4	15
15	3	15
16	5	15
17	6	15
18	2	19
19	1	19
20	0	20
21	6	19
22	4	26
23	5	26
24	3	26
25	4	26
26	1	26
27	2	26
28	5	26
29	8	26
30	8	26
31	5	26
32	6	26


Number of Iterations to Converge : 7

Cost from 16 to 20 : 5

Routing Table of Node 16
------------------------
Node	Cost	Next Hop
1	9	5
2	9	5
3	8	5
4	9	5
5	6	5
6	6	17
7	8	17
8	5	14
9	6	14
10	5	14
11	4	14
12	3	14
13	4	17
14	1	14
15	2	14
16	0	16
17	1	17
18	7	14
19	6	14
20	5	14
21	10	14
22	8	14
23	9	14
24	7	14
25	8	14
26	5	14
27	6	14
28	4	31
29	7	31
30	6	31
31	3	31
32	4	31

Routing Table of Node 20
------------------------
Node	Cost	Next Hop
1	12	19
2	11	19
3	11	19
4	12	19
5	11	15
6	11	15
7	10	19
8	6	19
9	7	19
10	6	19
11	5	19
12	4	15
13	8	15
14	4	15
15	3	15
16	5	15
17	6	15
18	2	19
19	1	19
20	0	20
21	6	19
22	4	26
23	5	26
24	3	26
25	4	26
26	1	26
27	2	26
28	5	26
29	8	26
30	8	26
31	5	26
32	6	26


Number of Iterations to Converge : 7

Cost from 17 to 20 : 6

Routing Table of Node 17
------------------------
Node	Cost	Next Hop
1	9	6
2	9	6
3	8	6
4	9	6
5	6	6
6	5	6
7	7	13
8	6	16
9	7	16
10	6	16
11	5	16
12	4	16
13	3	13
14	2	16
15	3	16
16	1	16
17	0	17
18	8	16
19	7	16
20	6	16
21	11	16
22	9	16
23	10	16
24	8	16
25	9	16
26	6	16
27	7	16
28	5	16
29	8	16
30	7	16
31	4	16
32	5	16

Routing Table of Node 20
------------------------
Node	Cost	Next Hop
1	12	19
2	11	19
3	11	19
4	12	19
5	11	15
6	11	15
7	10	19
8	6	19
9	7	19
10	6	19
11	5	19
12	4	15
13	8	15
14	4	15
15	3	15
16	5	15
17	6	15
18	2	19
19	1	19
20	0	20
21	6	19
22	4	26
23	5	26
24	3	26
25	4	26
26	1	26
27	2	26
28	5	26
29	8	26
30	8	26
31	5	26
32	6	26


Number of Iterations to Converge : 7

Cost from 18 to 20 : 2

Routing Table of Node 18
------------------------
Node	Cost	Next Hop
1	10	10
2	9	10
3	10	10
4	11	10
5	12	10
6	13	10
7	10	10
8	6	10
9	7	10
10	4	10
11	5	10
12	6	10
13	10	19
14	6	19
15	5	19
16	7	19
17	8	19
18	0	18
19	1	19
20	2	19
21	4	21
22	5	19
23	6	19
24	4	19
25	6	19
26	3	19
27	4	19
28	7	19
29	10	19
30	10	19
31	7	19
32	8	19

Routing Table of Node 20
------------------------
Node	Cost	Next Hop
1	12	19
2	11	19
3	11	19
4	12	19
5	11	15
6	11	15
7	10	19
8	6	19
9	7	19
10	6	19
11	5	19
12	4	15
13	8	15
14	4	15
15	3	15
16	5	15
17	6	15
18	2	19
19	1	19
20	0	20
21	6	19
22	4	26
23	5	26
24	3	26
25	4	26
26	1	26
27	2	26
28	5	26
29	8	26
30	8	26
31	5	26
32	6	26


Number of Iterations to Converge : 7

Cost from 19 to 20 : 1

Routing Table of Node 19
------------------------
Node	Cost	Next Hop
1	11	11
2	10	11
3	10	11
4	11	11
5	12	11
6	12	20
7	9	11
8	5	11
9	6	11
10	5	11
11	4	11
12	5	11
13	9	20
14	5	20
15	4	20
16	6	20
17	7	20
18	1	18
19	0	19
20	1	20
21	5	18
22	4	24
23	5	24
24	3	24
25	5	20
26	2	20
27	3	20
28	6	20
29	9	20
30	9	20
31	6	20
32	7	20

Routing Table of Node 20
------------------------
Node	Cost	Next Hop
1	12	19
2	11	19
3	11	19
4	12	19
5	11	15
6	11	15
7	10	19
8	6	19
9	7	19
10	6	19
11	5	19
12	4	15
13	8	15
14	4	15
15	3	15
16	5	15
17	6	15
18	2	19
19	1	19
20	0	20
21	6	19
22	4	26
23	5	26
24	3	26
25	4	26
26	1	26
27	2	26
28	5	26
29	8	26
30	8	26
31	5	26
32	6	26


Number of Iterations to Converge : 7

Cost from 20 to 20 : 0

Routing Table of Node 20
------------------------
Node	Cost	Next Hop
1	12	19
2	11	19
3	11	19
4	12	19
5	11	15
6	11	15
7	10	19
8	6	19
9	7	19
10	6	19
11	5	19
12	4	15
13	8	15
14	4	15
15	3	15
16	5	15
17	6	15
18	2	19
19	1	19
20	0	20
21	6	19
22	4	26
23	5	26
24	3	26
25	4	26
26	1	26
27	2	26
28	5	26
29	8	26
30	8	26
31	5	26
32	6	26

Routing Table of Node 20
------------------------
Node	Cost	Next Hop
1	12	19
2	11	19
3	11	19
4	12	19
5	11	15
6	11	15
7	10	19
8	6	19
9	7	19
10	6	19
11	5	19
12	4	15
13	8	15
14	4	15
15	3	15
16	5	15
17	6	15
18	2	19
19	1	19
20	0	20
21	6	19
22	4	26
23	5	26
24	3	26
25	4	26
26	1	26
27	2	26
28	5	26
29	8	26
30	8	26
31	5	26
32	6	26


Number of Iterations to Converge : 7

Cost from 21 to 20 : 6

Routing Table of Node 21
------------------------
Node	Cost	Next Hop
1	14	18
2	13	18
3	14	18
4	15	18
5	16	18
6	16	22
7	14	18
8	10	18
9	11	18
10	8	18
11	9	18
12	10	18
13	13	22
14	9	22
15	9	18
16	10	22
17	11	22
18	4	18
19	5	18
20	6	18
21	0	21
22	2	22
23	3	22
24	3	22
25	6	22
26	5	22
27	4	22
28	7	22
29	10	22
30	10	22
31	8	22
32	9	22

Routing Table of Node 20
------------------------
Node	Cost	Next Hop
1	12	19
2	11	19
3	11	19
4	12	19
5	11	15
6	11	15
7	10	19
8	6	19
9	7	19
10	6	19
11	5	19
12	4	15
13	8	15
14	4	15
15	3	15
16	5	15
17	6	15
18	2	19
19	1	19
20	0	20
21	6	19
22	4	26
23	5	26
24	3	26
25	4	26
26	1	26
27	2	26
28	5	26
29	8	26
30	8	26
31	5	26
32	6	26


Number of Iterations to Converge : 7

Cost from 22 to 20 : 4

Routing Table of Node 22
------------------------
Node	Cost	Next Hop
1	15	24
2	14	24
3	14	24
4	15	24
5	14	24
6	14	24
7	13	24
8	9	24
9	10	24
10	9	24
11	8	24
12	8	24
13	11	24
14	7	24
15	7	24
16	8	24
17	9	24
18	5	24
19	4	24
20	4	24
21	2	21
22	0	22
23	1	23
24	1	24
25	4	24
26	3	24
27	2	24
28	5	24
29	8	24
30	8	24
31	6	24
32	7	24

Routing Table of Node 20
------------------------
Node	Cost	Next Hop
1	12	19
2	11	19
3	11	19
4	12	19
5	11	15
6	11	15
7	10	19
8	6	19
9	7	19
10	6	19
11	5	19
12	4	15
13	8	15
14	4	15
15	3	15
16	5	15
17	6	15
18	2	19
19	1	19
20	0	20
21	6	19
22	4	26
23	5	26
24	3	26
25	4	26
26	1	26
27	2	26
28	5	26
29	8	26
30	8	26
31	5	26
32	6	26


Number of Iterations to Converge : 7

Cost from 23 to 20 : 5

Routing Table of Node 23
------------------------
Node	Cost	Next Hop
1	16	22
2	15	22
3	15	22
4	16	22
5	15	22
6	15	22
7	14	22
8	10	22
9	11	22
10	10	22
11	9	22
12	9	22
13	12	22
14	8	22
15	8	22
16	9	22
17	10	22
18	6	22
19	5	22
20	5	22
21	3	22
22	1	22
23	0	23
24	2	22
25	4	25
26	4	22
27	3	22
28	6	22
29	9	25
30	9	22
31	7	22
32	8	22

Routing Table of Node 20
------------------------
Node	Cost	Next Hop
1	12	19
2	11	19
3	11	19
4	12	19
5	11	15
6	11	15
7	10	19
8	6	19
9	7	19
10	6	19
11	5	19
12	4	15
13	8	15
14	4	15
15	3	15
16	5	15
17	6	15
18	2	19
19	1	19
20	0	20
21	6	19
22	4	26
23	5	26
24	3	26
25	4	26
26	1	26
27	2	26
28	5	26
29	8	26
30	8	26
31	5	26
32	6	26


Number of Iterations to Converge : 7

Cost from 24 to 20 : 3

Routing Table of Node 24
------------------------
Node	Cost	Next Hop
1	14	19
2	13	19
3	13	19
4	14	19
5	13	27
6	13	27
7	12	19
8	8	19
9	9	19
10	8	19
11	7	19
12	7	27
13	10	27
14	6	27
15	6	27
16	7	27
17	8	27
18	4	19
19	3	19
20	3	27
21	3	22
22	1	22
23	2	22
24	0	24
25	3	25
26	2	27
27	1	27
28	4	27
29	7	27
30	7	27
31	5	27
32	6	27

Routing Table of Node 20
------------------------
Node	Cost	Next Hop
1	12	19
2	11	19
3	11	19
4	12	19
5	11	15
6	11	15
7	10	19
8	6	19
9	7	19
10	6	19
11	5	19
12	4	15
13	8	15
14	4	15
15	3	15
16	5	15
17	6	15
18	2	19
19	1	19
20	0	20
21	6	19
22	4	26
23	5	26
24	3	26
25	4	26
26	1	26
27	2	26
28	5	26
29	8	26
30	8	26
31	5	26
32	6	26


Number of Iterations to Converge : 7

Cost from 25 to 20 : 4

Routing Table of Node 25
------------------------
Node	Cost	Next Hop
1	16	27
2	15	27
3	15	27
4	16	27
5	14	27
6	14	27
7	14	27
8	10	27
9	11	27
10	10	27
11	9	27
12	8	27
13	11	27
14	7	27
15	7	27
16	8	27
17	9	27
18	6	27
19	5	27
20	4	27
21	6	24
22	4	24
23	4	23
24	3	24
25	0	25
26	3	27
27	2	27
28	5	27
29	5	29
30	8	27
31	6	27
32	7	27

Routing Table of Node 20
------------------------
Node	Cost	Next Hop
1	12	19
2	11	19
3	11	19
4	12	19
5	11	15
6	11	15
7	10	19
8	6	19
9	7	19
10	6	19
11	5	19
12	4	15
13	8	15
14	4	15
15	3	15
16	5	15
17	6	15
18	2	19
19	1	19
20	0	20
21	6	19
22	4	26
23	5	26
24	3	26
25	4	26
26	1	26
27	2	26
28	5	26
29	8	26
30	8	26
31	5	26
32	6	26


Number of Iterations to Converge : 7

Cost from 26 to 20 : 1

Routing Table of Node 26
------------------------
Node	Cost	Next Hop
1	13	20
2	12	20
3	12	20
4	13	20
5	11	14
6	11	14
7	11	20
8	7	20
9	8	20
10	7	20
11	6	20
12	5	20
13	8	14
14	4	14
15	4	20
16	5	14
17	6	14
18	3	20
19	2	20
20	1	20
21	5	27
22	3	27
23	4	27
24	2	27
25	3	27
26	0	26
27	1	27
28	4	27
29	7	27
30	7	27
31	4	31
32	5	31

Routing Table of Node 20
------------------------
Node	Cost	Next Hop
1	12	19
2	11	19
3	11	19
4	12	19
5	11	15
6	11	15
7	10	19
8	6	19
9	7	19
10	6	19
11	5	19
12	4	15
13	8	15
14	4	15
15	3	15
16	5	15
17	6	15
18	2	19
19	1	19
20	0	20
21	6	19
22	4	26
23	5	26
24	3	26
25	4	26
26	1	26
27	2	26
28	5	26
29	8	26
30	8	26
31	5	26
32	6	26


Number of Iterations to Converge : 7

Cost from 27 to 20 : 2

Routing Table of Node 27
------------------------
Node	Cost	Next Hop
1	14	26
2	13	26
3	13	26
4	14	26
5	12	26
6	12	26
7	12	26
8	8	26
9	9	26
10	8	26
11	7	26
12	6	26
13	9	26
14	5	26
15	5	26
16	6	26
17	7	26
18	4	26
19	3	26
20	2	26
21	4	24
22	2	24
23	3	24
24	1	24
25	2	25
26	1	26
27	0	27
28	3	28
29	6	28
30	6	28
31	4	28
32	5	28

Routing Table of Node 20
------------------------
Node	Cost	Next Hop
1	12	19
2	11	19
3	11	19
4	12	19
5	11	15
6	11	15
7	10	19
8	6	19
9	7	19
10	6	19
11	5	19
12	4	15
13	8	15
14	4	15
15	3	15
16	5	15
17	6	15
18	2	19
19	1	19
20	0	20
21	6	19
22	4	26
23	5	26
24	3	26
25	4	26
26	1	26
27	2	26
28	5	26
29	8	26
30	8	26
31	5	26
32	6	26


Number of Iterations to Converge : 7

Cost from 28 to 20 : 5

Routing Table of Node 28
------------------------
Node	Cost	Next Hop
1	13	31
2	13	31
3	12	31
4	13	31
5	10	31
6	10	31
7	12	31
8	9	31
9	10	31
10	9	31
11	8	31
12	7	31
13	8	31
14	5	31
15	6	31
16	4	31
17	5	31
18	7	27
19	6	27
20	5	27
21	7	27
22	5	27
23	6	27
24	4	27
25	5	27
26	4	27
27	3	27
28	0	28
29	3	29
30	3	30
31	1	31
32	2	31

Routing Table of Node 20
------------------------
Node	Cost	Next Hop
1	12	19
2	11	19
3	11	19
4	12	19
5	11	15
6	11	15
7	10	19
8	6	19
9	7	19
10	6	19
11	5	19
12	4	15
13	8	15
14	4	15
15	3	15
16	5	15
17	6	15
18	2	19
19	1	19
20	0	20
21	6	19
22	4	26
23	5	26
24	3	26
25	4	26
26	1	26
27	2	26
28	5	26
29	8	26
30	8	26
31	5	26
32	6	26


Number of Iterations to Converge : 7

Cost from 29 to 20 : 8

Routing Table of Node 29
------------------------
Node	Cost	Next Hop
1	16	28
2	16	28
3	15	28
4	16	28
5	13	28
6	13	28
7	15	28
8	12	28
9	13	28
10	12	28
11	11	28
12	10	28
13	11	28
14	8	28
15	9	28
16	7	28
17	8	28
18	10	28
19	9	28
20	8	28
21	10	28
22	8	28
23	9	25
24	7	28
25	5	25
26	7	28
27	6	28
28	3	28
29	0	29
30	6	28
31	4	28
32	5	28

Routing Table of Node 20
------------------------
Node	Cost	Next Hop
1	12	19
2	11	19
3	11	19
4	12	19
5	11	15
6	11	15
7	10	19
8	6	19
9	7	19
10	6	19
11	5	19
12	4	15
13	8	15
14	4	15
15	3	15
16	5	15
17	6	15
18	2	19
19	1	19
20	0	20
21	6	19
22	4	26
23	5	26
24	3	26
25	4	26
26	1	26
27	2	26
28	5	26
29	8	26
30	8	26
31	5	26
32	6	26


Number of Iterations to Converge : 7

Cost from 30 to 20 : 8

Routing Table of Node 30
------------------------
Node	Cost	Next Hop
1	15	32
2	15	32
3	14	32
4	15	32
5	12	32
6	12	32
7	14	32
8	11	32
9	12	32
10	11	32
11	10	32
12	9	32
13	10	32
14	7	32
15	8	32
16	6	32
17	7	32
18	10	28
19	9	28
20	8	28
21	10	28
22	8	28
23	9	28
24	7	28
25	8	28
26	7	28
27	6	28
28	3	28
29	6	28
30	0	30
31	3	32
32	2	32

Routing Table of Node 20
------------------------
Node	Cost	Next Hop
1	12	19
2	11	19
3	11	19
4	12	19
5	11	15
6	11	15
7	10	19
8	6	19
9	7	19
10	6	19
11	5	19
12	4	15
13	8	15
14	4	15
15	3	15
16	5	15
17	6	15
18	2	19
19	1	19
20	0	20
21	6	19
22	4	26
23	5	26
24	3	26
25	4	26
26	1	26
27	2	26
28	5	26
29	8	26
30	8	26
31	5	26
32	6	26


Number of Iterations to Converge : 7

Cost from 31 to 20 : 5

Routing Table of Node 31
------------------------
Node	Cost	Next Hop
1	12	16
2	12	16
3	11	16
4	12	16
5	9	16
6	9	16
7	11	16
8	8	16
9	9	16
10	8	16
11	7	16
12	6	16
13	7	16
14	4	16
15	5	16
16	3	16
17	4	16
18	7	26
19	6	26
20	5	26
21	8	28
22	6	28
23	7	28
24	5	28
25	6	28
26	4	26
27	4	28
28	1	28
29	4	28
30	3	32
31	0	31
32	1	32

Routing Table of Node 20
------------------------
Node	Cost	Next Hop
1	12	19
2	11	19
3	11	19
4	12	19
5	11	15
6	11	15
7	10	19
8	6	19
9	7	19
10	6	19
11	5	19
12	4	15
13	8	15
14	4	15
15	3	15
16	5	15
17	6	15
18	2	19
19	1	19
20	0	20
21	6	19
22	4	26
23	5	26
24	3	26
25	4	26
26	1	26
27	2	26
28	5	26
29	8	26
30	8	26
31	5	26
32	6	26


Number of Iterations to Converge : 7

Cost from 32 to 20 : 6

Routing Table of Node 32
------------------------
Node	Cost	Next Hop
1	13	31
2	13	31
3	12	31
4	13	31
5	10	31
6	10	31
7	12	31
8	9	31
9	10	31
10	9	31
11	8	31
12	7	31
13	8	31
14	5	31
15	6	31
16	4	31
17	5	31
18	8	31
19	7	31
20	6	31
21	9	31
22	7	31
23	8	31
24	6	31
25	7	31
26	5	31
27	5	31
28	2	31
29	5	31
30	2	30
31	1	31
32	0	32

Routing Table of Node 20
------------------------
Node	Cost	Next Hop
1	12	19
2	11	19
3	11	19
4	12	19
5	11	15
6	11	15
7	10	19
8	6	19
9	7	19
10	6	19
11	5	19
12	4	15
13	8	15
14	4	15
15	3	15
16	5	15
17	6	15
18	2	19
19	1	19
20	0	20
21	6	19
22	4	26
23	5	26
24	3	26
25	4	26
26	1	26
27	2	26
28	5	26
29	8	26
30	8	26
31	5	26
32	6	26

